dataset_number/I:crossSection_pb/D:kFactor/D:genFiltEff/D:events/D
364115  1981.7         0.9751         1.1347E-01  1861595   

310712  0.0027217      1.0            6.4904E-02  50000     

364132  110.46         0.9751         1.8905E-01  15612     

364111  8.5296         0.9751         1.7458E-01  2325232   

305645  0.044156       1.0            1.0000E+00  10999     

364289  2.9599         1.0            1.0000E+00  96806     

364117  110.64         0.9751         6.9275E-01  2368525   

364172  19143.0        0.9702         4.4154E-02  60471     

364197  1.2342         0.9702         1.0000E+00  63921     

310650  0.1371         1.0            1.2109E-01  50000     

306542  0.0059936      1.0            1.0000E+00  50000     

312382  0.0023325      1.0            6.6807E-02  10000     

302682  0.0018921      1.0            1.0000E+00  12903     

305647  0.019339       1.0            1.0000E+00  11448     

310745  0.00046231     1.0            1.9182E-01  50000     

310714  0.0027216      1.0            2.7233E-02  50000     

312392  0.062478       1.0            5.7069E-02  10000     

364141  0.14826        0.9751         1.0000E+00  48771     

310713  0.0027216      1.0            1.1731E-02  50000     

305655  0.010469       1.0            1.0000E+00  13199     

364140  1.8078         0.9751         1.0000E+00  95859     

364101  1982.2         0.9751         1.1319E-01  2205489   

364702  2433000000.0   1.0            9.8631E-03  2728      

364177  339.8          0.9702         2.9252E-01  157679    

364120  40.645         0.9751         6.1591E-01  2185132   

310721  0.001479       1.0            1.9165E-01  50000     

302700  0.0073979      1.0            1.0000E+00  20000     

364128  1982.0         0.9751         8.2142E-01  34513     

312381  0.0023325      1.0            1.1777E-01  10000     

312385  0.0046853      1.0            6.6084E-02  10000     

305649  0.53657        1.0            1.0000E+00  12766     

309732  0.0002449      1.0            1.0000E+00  13518     

312394  0.062478       1.0            5.9132E-02  10000     

310640  0.44204        1.0            5.8060E-02  50000     

311689  0.0065026      1.0            1.0000E+00  20000     

309660  1.0629e-05     1.0            8.0267E-01  50000     

312391  0.023472       1.0            6.2233E-02  10000     

306552  9.9239e-05     1.0            1.0000E+00  50000     

312395  0.20427        1.0            5.0174E-02  20000     

310674  0.022405       1.0            1.2163E-01  50000     

364175  945.63         0.9702         8.3353E-02  137351    

309735  0.00068636     1.0            1.0000E+00  13108     

309656  0.00013327     1.0            8.0136E-01  50000     

364139  8.6755         0.9751         1.7537E-01  61385     

364102  1981.5         0.9751         6.5069E-02  3908926   

364190  339.69         0.9702         5.9884E-01  24691     

309742  5.1282e-05     1.0            1.0000E+00  13594     

364113  0.14761        0.9751         1.0000E+00  660330    

364108  39.888         0.9751         1.5570E-01  6839924   

364179  72.077         0.9702         5.4829E-01  51989     

302709  0.00059777     1.0            1.0000E+00  20000     

309734  0.0031595      1.0            1.0000E+00  12400     

364700  78050000000.0  1.0            9.7532E-01  132       

364134  40.756         0.9751         6.1697E-01  67124     

310698  0.0052268      1.0            1.2235E-01  50000     

310709  0.0027211      1.0            1.9170E-01  50000     

309588  0.0033667      1.0            1.0000E+00  13284     

309070  0.00028772     1.0            1.0000E+00  19000     

312390  0.023472       1.0            1.0481E-01  10000     

410644  2.027          1.0170         1.0000E+00  63652     

310642  0.44204        1.0            2.2465E-02  50000     

309739  0.00015886     1.0            1.0000E+00  13711     

364112  1.787          0.9751         1.0000E+00  1796060   

302672  0.48254        1.0            1.0000E+00  12174     

302696  9.0453e-05     1.0            1.0000E+00  13210     

364104  108.98         0.9751         1.9027E-01  989753    

306539  0.041945       1.0            1.0000E+00  50000     

364110  8.5259         0.9751         2.6577E-01  556515    

312401  4.5102         1.0            3.0862E-02  20000     

302657  54.554         1.0            1.0000E+00  7904      

309600  0.0013884      1.0            1.0000E+00  13104     

410080  0.0091626      1.00413615479  1.0000E+00  50864     

305648  0.0017635      1.0            1.0000E+00  12932     

364135  40.716         0.9751         2.3280E-01  42533     

306546  0.00089794     1.0            1.0000E+00  50000     

310699  0.0052275      1.0            5.3419E-02  50000     

364247  1.4508e-05     1.0            1.0000E+00  29719     

364138  8.6757         0.9751         2.6622E-01  21701     

410220  0.036555       1.12           1.0000E+00  140401    

364160  946.12         0.9702         2.4357E-01  60419     

364712  1.0367e-06     1.0            4.2889E-04  101890    

363489  11.42          1.0            1.0000E+00  60817     

309066  0.00031665     1.0            1.0000E+00  20000     

364168  15.008         0.9702         1.0000E+00  170210    

364248  0.00038533     1.0            2.2453E-01  24263     

364107  39.857         0.9751         2.3359E-01  1567311   

309653  0.0014879      1.0            8.0232E-01  50000     

302679  0.10431        1.0            1.0000E+00  12750     

309072  2.2299e-06     1.0            1.0000E+00  20000     

310662  0.05205        1.0            1.2130E-01  50000     

364196  15.052         0.9702         1.0000E+00  40393     

364707  16.215         1.0            1.1097E-02  177464    

310748  0.00046245     1.0            6.5091E-02  50000     

410081  0.0080952      1.22342593851  1.0000E+00  10597     

310711  0.0027217      1.0            5.3358E-02  50000     

310688  0.0105         1.0            6.4146E-02  50000     

302703  7.0111e-05     1.0            1.0000E+00  20000     

364130  1982.1         0.9751         6.5432E-02  43797     

310746  0.00046232     1.0            1.2312E-01  50000     

364125  8.6801         0.9751         1.7632E-01  2019577   

312388  0.010033       1.0            6.4298E-02  10000     

302669  0.00043556     1.0            1.0000E+00  13204     

310747  0.00046246     1.0            5.3523E-02  50000     

312400  0.97141        1.0            4.1301E-02  20000     

364290  0.17154        1.0            1.0000E+00  751       

345715  0.2685         1.0            1.0000E+00  74990     

310638  0.44205        1.0            1.1959E-01  50000     

364105  109.03         0.9751         1.1735E-01  3160726   

310724  0.0014794      1.0            6.4914E-02  50000     

302701  0.0051743      1.0            1.0000E+00  20000     

345706  0.010071       1.0            1.0000E+00  686043    

346345  0.054667       1.0            1.0000E+00  2068620   

364121  40.671         0.9751         2.3209E-01  1349217   

310697  0.0052268      1.0            1.9068E-01  50000     

305653  0.041356       1.0            1.0000E+00  12737     

302670  5.0539e-05     1.0            1.0000E+00  13470     

306538  0.09796        1.0            1.0000E+00  50000     

364254  12.501         1.0            1.0         3775825   

410645  1.2675         1.0167         1.0000E+00  64259     

364703  26450000.0     1.0            1.1658E-02  19243     

410558  730.15         1.0            1.0547E-01  79876000  

410648  3.997          0.9451         1.0000E+00  327657    

364129  1981.9         0.9751         1.1343E-01  23751     

310690  0.0105         1.0            2.6735E-02  50000     

364126  1.8092         0.9751         1.0000E+00  1534800   

364124  8.6668         0.9751         2.6531E-01  478664    

309580  0.0054499      1.0            1.0000E+00  12665     

364244  0.0035467      1.0            1.0000E+00  17583     

309064  0.0012565      1.0            1.0000E+00  13196     

364283  0.010567       1.0            1.0000E+00  119081    

310664  0.052057       1.0            6.2523E-02  50000     

364159  945.89         0.9702         6.7430E-01  59481     

306559  1.1782e-05     1.0            1.0000E+00  50000     

310738  0.0008187      1.0            2.7655E-02  50000     

346343  0.23844        1.0            1.0000E+00  131493    

345718  0.4823         1.0            1.0000E+00  72645     

311687  0.036834       1.0            1.0000E+00  20000     

364709  0.019639       1.0            1.2056E-02  218338    

364284  0.046996       1.0            1.0000E+00  533546    

312402  4.5102         1.0            4.3817E-02  20000     

410472  729.77         1.13975636159  1.0547E-01  25650255  

309651  0.013898       1.0            8.0298E-01  50000     

364166  72.103         0.9702         3.2016E-01  58372     

302675  0.013931       1.0            1.0000E+00  12550     

310749  0.00046248     1.0            1.1976E-02  50000     

410471  729.77         1.13974074379  4.5621E-01  145514    

309065  0.00080077     1.0            1.0000E+00  20000     

310673  0.022405       1.0            1.9086E-01  50000     

410482  729.74         1.0            1.0545E-01  79976000  

364285  0.11634        1.0            1.0000E+00  108587    

364193  72.078         0.9702         5.6172E-01  17299     

364171  19145.0        0.9702         1.3102E-01  71634     

364156  19151.0        0.9702         8.2465E-01  55036     

364192  339.68         0.9702         1.0575E-01  68675     

364136  40.746         0.9751         1.5026E-01  97410     

305646  0.014991       1.0            1.0000E+00  12090     

310701  0.005227       1.0            1.1724E-02  50000     

364169  1.2349         0.9702         1.0000E+00  231663    

310678  0.022404       1.0            2.6172E-02  50000     

410157  0.52821        1.11           1.0000E+00  210394    

309067  7.4589e-06     1.0            1.0000E+00  20000     

312384  0.0046853      1.0            1.1408E-01  10000     

364176  339.75         0.9702         5.9858E-01  68126     

309659  1.9163e-05     1.0            8.0207E-01  50000     

364161  944.8          0.9702         8.4525E-02  125698    

364701  78050000000.0  1.0            2.4430E-02  193       

364114  1981.6         0.9751         8.2118E-01  2693388   

310710  0.0027211      1.0            1.2225E-01  50000     

309575  0.010954       1.0            1.0000E+00  11276     

309655  0.00027655     1.0            8.0221E-01  50000     

312377  0.0012187      1.0            7.1072E-02  10000     

309652  0.0041119      1.0            8.0314E-01  50000     

364178  339.7          0.9702         1.1088E-01  361449    

364286  0.02521        1.0            1.0000E+00  253637    

364174  946.37         0.9702         2.4414E-01  67475     

309654  0.00061386     1.0            8.0217E-01  50000     

410470  729.77         1.13975636159  5.4382E-01  11897999  

364180  72.105         0.9702         3.1969E-01  57183     

364181  72.077         0.9702         1.3865E-01  172720    

312386  0.010033       1.0            6.4345E-02  10000     

345705  0.0099577      1.0            1.0000E+00  27047     

310734  0.00081886     1.0            1.2252E-01  50000     

306551  0.00013834     1.0            1.0000E+00  50000     

364243  0.0017966      1.0            1.0000E+00  42704     

309657  6.7361e-05     1.0            8.0219E-01  50000     

364116  1982.0         0.9751         6.5194E-02  3316417   

310652  0.1371         1.0            6.1012E-02  50000     

410218  0.036864       1.12           1.0000E+00  900219    

306545  0.00138        1.0            1.0000E+00  50000     

302710  1.5563e-05     1.0            1.0000E+00  20000     

312397  0.20427        1.0            5.3489E-02  20000     

364287  0.040854       1.0            1.0000E+00  27755     

410649  3.9939         0.9458         1.0000E+00  327580    

310677  0.022404       1.0            1.1514E-02  50000     

410156  0.15504        1.11           1.0000E+00  93304     

364119  110.46         0.9751         1.1547E-01  2706509   

364303  0.92488        1.0            2.8024E-01  49        

364167  72.063         0.9702         1.3137E-01  183094    

302666  2.322          1.0            1.0000E+00  12119     

310735  0.00081871     1.0            5.3557E-02  50000     

310653  0.1371         1.0            1.1078E-02  50000     

363494  0.60293        1.0            1.0000E+00  436       

310750  0.00046248     1.0            2.7924E-02  50000     

302708  0.0014895      1.0            1.0000E+00  20000     

363360  24.724         1.0            1.0000E+00  32500     

310665  0.052053       1.0            1.1424E-02  50000     

309733  0.0018932      1.0            1.0000E+00  12823     

363355  15.561         1.0            2.8003E-01  1220      

302689  0.00033821     1.0            1.0000E+00  13033     

310641  0.44204        1.0            1.0593E-02  50000     

364164  339.68         0.9702         1.0844E-01  368722    

364133  110.67         0.9751         1.1851E-01  62117     

410219  0.036868       1.12           1.0000E+00  973868    

306543  0.0035354      1.0            1.0000E+00  50000     

310723  0.0014794      1.0            5.3466E-02  50000     

364250  1.2523         1.0            1.0000E+00  5181725   

312383  0.0046853      1.0            6.6586E-02  10000     

364183  1.2344         0.9702         1.0000E+00  216442    

364189  945.87         0.9702         8.3903E-02  10024     

364704  254610.0       1.0            1.3366E-02  77106     

306544  0.0021815      1.0            1.0000E+00  50000     

364191  339.84         0.9702         2.9032E-01  26199     

363358  3.4328         1.0            1.0000E+00  1811081   

364185  19154.0        0.9702         1.2951E-01  6619      

410659  22.173         1.1849         1.0000E+00  115479    

364249  0.00038545     1.0            4.4467E-01  13449     

364194  71.99          0.9702         3.1863E-01  18625     

364305  0.62186        1.0            1.0000E+00  1845      

364253  4.579          1.0            1.0000E+00  4183687   

364182  15.05          0.9702         1.0000E+00  161498    

306555  3.823e-05      1.0            1.0000E+00  50000     

364123  8.6703         0.9751         5.6349E-01  953996    

364195  71.944         0.9702         1.3597E-01  19583     

310661  0.05205        1.0            1.9009E-01  50000     

310733  0.00081886     1.0            1.9166E-01  50000     

364186  19152.0        0.9702         4.5128E-02  5261      

312396  0.20427        1.0            8.7079E-02  20000     

302687  0.01888        1.0            1.0000E+00  13331     

309658  3.5399e-05     1.0            8.0259E-01  50000     

364708  0.62506        1.0            1.0156E-02  298748    

302693  0.0092516      1.0            1.0000E+00  13039     

302707  0.0022165      1.0            1.0000E+00  20000     

410155  0.54822        1.096          1.0000E+00  905524    

410658  36.995         1.1935         1.0000E+00  114123    

364288  1.4496         1.0            1.0000E+00  73877     

302662  0.015552       1.0            1.0000E+00  12481     

364711  4.2263e-05     1.0            2.6730E-03  88262     

306557  2.1008e-05     1.0            1.0000E+00  50000     

310722  0.001479       1.0            1.2275E-01  50000     

363357  6.7975         1.0            1.0000E+00  763       

306558  1.5669e-05     1.0            1.0000E+00  50000     

305642  0.078729       1.0            1.0000E+00  11490     

306556  2.8253e-05     1.0            1.0000E+00  50000     

309737  0.00072093     1.0            1.0000E+00  12798     

363356  15.564         1.0            1.4158E-01  3776562   

363359  24.708         1.0            1.0000E+00  33792     

345723  0.0071152      1.0            1.0000E+00  37267     

310702  0.005227       1.0            2.6937E-02  50000     

312403  4.5102         1.0            2.6518E-02  20000     

364255  3.2344         1.0            1.0         37621     

364103  109.14         0.9751         6.8992E-01  2816804   

312393  0.062478       1.0            9.7370E-02  10000     

302702  0.0021204      1.0            1.0000E+00  20000     

309069  0.00048252     1.0            1.0000E+00  13315     

309593  0.0030257      1.0            1.0000E+00  10822     

310676  0.022405       1.0            6.3595E-02  50000     

312378  0.0012187      1.0            1.1961E-01  10000     

306549  0.00027956     1.0            1.0000E+00  50000     

310649  0.1371         1.0            1.8881E-01  50000     

364246  0.001668       1.0            4.4626E-01  26908     

364137  8.6726         0.9751         5.6407E-01  171856    

306541  0.010686       1.0            1.0000E+00  50000     

364302  0.92331        1.0            1.4154E-01  100760    

312399  0.97141        1.0            6.7564E-02  20000     

302660  16.215         1.0            1.0000E+00  10514     

312389  0.023472       1.0            6.0610E-02  10000     

364170  19153.0        0.9702         8.2467E-01  76258     

310736  0.00081871     1.0            6.4799E-02  50000     

310687  0.0105         1.0            5.3056E-02  50000     

311688  0.010681       1.0            1.0000E+00  20000     

309661  6.0087e-06     1.0            8.0260E-01  50000     

310689  0.0105         1.0            1.1635E-02  50000     

306550  0.0001952      1.0            1.0000E+00  50000     

364122  40.675         0.9751         1.5238E-01  5938203   

309071  0.00011128     1.0            1.0000E+00  20000     

312374  0.00066102     1.0            7.1594E-02  10000     

310700  0.0052275      1.0            6.4602E-02  50000     

364245  0.00018807     1.0            1.0000E+00  40600     

306540  0.020231       1.0            1.0000E+00  50000     

302688  0.0078307      1.0            1.0000E+00  13391     

312375  0.00066102     1.0            1.2165E-01  10000     

310666  0.052053       1.0            2.5523E-02  50000     

410647  37.905         0.9457         1.0000E+00  497968    

364157  19145.0        0.9702         1.3031E-01  54373     

311529  0.017591       1.0            1.0000E+00  20000     

312380  0.0023325      1.0            6.9084E-02  10000     

364173  944.98         0.9702         6.7483E-01  70976     

364710  0.0011962      1.0            5.8933E-03  72380     

410472  729.77         1.13975636159  1.0547E-01  26041906  

306554  5.2011e-05     1.0            1.0000E+00  50000     

364158  19143.0        0.9702         4.4210E-02  46236     

310637  0.44205        1.0            1.8727E-01  50000     

310686  0.010498       1.0            1.2197E-01  50000     

364706  257.54         1.0            9.4734E-03  204626    

364106  39.87          0.9751         6.1125E-01  2545395   

310685  0.010498       1.0            1.9096E-01  50000     

364304  0.62194        1.0            1.0000E+00  1759      

304014  0.0016396      1.0            1.0000E+00  46576     

310651  0.1371         1.0            5.1026E-02  50000     

364187  945.58         0.9702         6.7560E-01  9627

313500  0.0003691      1.0            6.8220E-02  20000

313501  0.0003691      1.0            1.2185E-01  20000

313502  0.0003691      1.0            7.3608E-02  20000

313503  0.00021097     1.0            6.9158E-02  20000

313504  0.00021097     1.0            1.2344E-01  20000

313505  0.00021097     1.0            7.4712E-02  20000

313506  0.00012285     1.0            6.8849E-02  20000

313507  0.00012285     1.0            1.2443E-01  20000

313508  0.00012285     1.0            7.5419E-02  20000

410465  712.02         1.1681         1.0717E-01  44549972  

364131  110.66         0.9751         6.9203E-01  42972     

306553  7.1569e-05     1.0            1.0000E+00  50000     

310663  0.052057       1.0            5.1862E-02  50000     

364109  8.5251         0.9751         5.6023E-01  1108972   

310725  0.0014791      1.0            1.1844E-02  50000     

312398  0.97141        1.0            4.2121E-02  20000     

364705  4552.9         1.0            1.4526E-02  101375    

311686  0.075041       1.0            1.0000E+00  20000     

364100  1982.5         0.9751         8.2142E-01  3213909   

364188  946.49         0.9702         2.4245E-01  10362     

364165  72.084         0.9702         5.4766E-01  52296

413023  0.13057        1.0            1.0000E+00  2824107 

412063  0.033276       1.0            1.000000E+00  2705455

410408  0.016071       1.0            1.0000E+00    57678

302673  0.35125        1.0            1.0000E+00  12867     

306548  0.0004054      1.0            1.0000E+00  50000     

310726  0.001479       1.0            2.7333E-02  50000     

306560  8.8919e-06     1.0            1.0000E+00  50000     

410646  37.935         0.9450         1.0000E+00  497301    

364242  0.0071979      1.0            1.0000E+00  31958     

364184  19155.0        0.9702         8.2462E-01  6015      

306547  0.00059831     1.0            1.0000E+00  50000     

302676  2.8762e-05     1.0            1.0000E+00  13505     

410560  0.24041        1.0            1.0000E+00  148036    

309606  0.00081902     1.0            1.0000E+00  13085     

310737  0.0008187      1.0            1.1918E-02  50000     

312379  0.0012187      1.0            6.8117E-02  10000     

309736  0.026678       1.0            1.0000E+00  12754     

312387  0.010033       1.0            1.1108E-01  10000     

312376  0.00066102     1.0            6.8279E-02  10000     

364127  0.14875        0.9751         1.0000E+00  562064    

346344  0.52458        1.0            4.3842E-01  639097    

364118  110.5          0.9751         1.8933E-01  845021    

305654  0.023871       1.0            1.0000E+00  13308     

310675  0.022404       1.0            5.2639E-02  50000     

310639  0.44205        1.0            4.9743E-02  50000     

302663  0.0030612      1.0            1.0000E+00  12821     

311528  0.13517        1.0            1.0000E+00  20000     

364162  339.73         0.9702         6.0009E-01  63782     

364163  339.8          0.9702         2.9256E-01  152311    

310654  0.1371         1.0            2.4355E-02  50000     

364198  2414.3         0.9751         9.6536E-01  495  

364199  2414.2         0.9751         3.4445E-02  221  

364200  50.33          0.9751         8.9306E-01  3436    

364201  50.29          0.9751         1.1212E-01  3563   

364202  3.2398         0.9751         8.5373E-01  2605  

364203  3.2813         0.9751         1.6027E-01  1687    

364281  36.377         0.9751         1.0000E+00  13284  

364204  2415.3         0.9751         9.6520E-01  238614  

364205  2415.5         0.9751         3.4696E-02  98705  

364206  50.354         0.9751         8.9320E-01  885156    

364207  50.487         0.9751         0.1087      399213    

364208  3.2539         0.9751         8.5485E-01  260708   

364209  3.2526         0.9751         1.5351E-01  111210  

364280  46.031         0.9751         1.0000E+00  516692  

364210  2416.0         0.9751         9.6534E-01  4590     

364211  2414.4         0.9751         3.4676E-02  2023      

364212  50.376         0.9751         8.9310E-01  53701    

364213  50.468         0.9751         0.10985     24460     

364214  3.2852         0.9751         8.5552E-01  21862     

364215  3.2813         0.9751         1.5581E-01  9663   

364282  9.1472         1.0            1.0000E+00  13690
